71	1.6810540158423422
1	10.492203221469614
158	32.26429850431852
6	1.0
87	14.862284165135279
10	1.9007277801348523
178	70.1075127310179
22	1.9028058282958873
0	1.31080281616309
25	1.5749647156816622
4	1.5046603529833626
12	1.500033054694501
11	4.25484946348578
179	31.420376448866552
62	1.4115636403434242
2	1.2374029735587169
9	2.6576341403898813
117	7.882660988107837
3	6.478654216281382
66	18.469118123648094
156	19.68904565248831
20	1.0350916171762141
182	32.28385107896609
19	2.4385622209329982
121	16.17367371992027
13	2.9838796287163976
39	6.896221981454643
58	43.50788296285775
41	19.550812975698488
54	4.983553815648991
151	26.873470193446508
129	12.949365884590996
185	28.26880616470751
21	1.5867917258884892
7	1.5517630490452103
99	12.321505608825289
176	31.631273234200744
173	30.68388760893519
32	1.7105946327042751
93	22.073935954600728
60	4.755860553848781
46	21.93110669602105
33	7.318818374862242
75	19.71026639212406
38	10.008119090890528
28	10.18858463815598
23	13.149414308787783
77	32.16055750226387
174	10.774626708172848
177	20.585836693548387
44	4.173558054220499
102	4.083876064074447
18	1.201318316719562
70	12.752127056154283
97	6.715219375046242
94	7.835653669798108
171	35.33121873152727
111	18.23927654348554
139	22.204142655213655
107	30.312684000890627
56	13.105532529347274
113	35.6405602338671
166	20.508996869926182
124	23.197285093573395
76	12.241978269014613
57	35.94112815699158
64	19.747751668117203
95	22.933516761188162
78	31.61413422091493
138	12.561514842400415
34	7.489465094529917
74	6.793557240480712
37	7.586945887539707
8	6.90667884230018
84	15.164595658308373
43	3.7381461950212724
118	21.541486827415852
146	21.334813383132655
172	36.057473293899534
112	20.682089023175735
51	13.597707208531936
5	6.6375706949229665
108	12.413695632351601
72	18.57396880258311
155	46.117357020531834
47	47.05785885741719
169	30.949733511834097
27	6.836122509896253
79	13.240926553305993
52	6.189571472592533
85	13.159017317760773
132	35.668573424741275
183	100.48542256120064
53	15.392149842657671
16	12.783792666322363
30	6.525319337599156
136	10.236721292300752
42	43.24758660854526
162	29.423521642552682
110	26.498032006920415
50	46.14775338028699
160	21.462247873952304
73	35.14827882960413
135	22.124556477460477
161	32.109147132430984
104	21.143007514904706
163	11.392234526233578
29	14.741674286539295
131	27.028787611400336
180	29.241650060260373
184	28.575369940646244
65	17.414778703203616
148	32.1390462700661
40	7.395082293722501
17	25.67594639620289
137	21.569928438768056
186	24.056249815936468
105	42.56845067486581
114	32.50309043159933
133	37.73599839849705
69	44.79795985521553
92	32.37512550864028
103	21.258191281717632
109	12.462052481692433
115	13.09572745490982
59	26.73216973928221
130	21.60396720444327
14	45.90569855007306
82	19.83374071256293
164	33.52630210827302
126	34.898503254105016
123	31.962149471762096
83	12.444648706294593
49	19.730897437961964
35	18.86262556286803
125	35.17249397175336
134	12.772731774185983
122	14.979937403721545
81	59.82904856075588
165	31.86655396618986
120	12.431958846567504
48	19.68098110237485
89	19.781706342479353
152	32.681247749489884
168	59.65863277826468
63	19.562674628390784
145	20.08078076601603
153	114.65041639374941
101	31.10017133066819
80	48.8719636233098
175	17.54118051280583
90	72.67744231567708
119	19.141388656725745
91	15.049486587402967
31	30.32731457990421
55	32.890037177714845
127	21.2401341735068
45	46.105209685612685
141	31.20114591291062
106	46.716957392050325
159	30.799582725855913
68	19.775959326957995
96	27.664062676390238
147	32.404665247345385
150	32.51559742586081
100	48.078045909358444
36	45.973735061816406
144	21.236820895910427
67	21.624747398981654
181	30.225941732244618
61	48.01304884500088
24	44.82828135004116
140	74.8347279056984
142	34.01446338348787
143	21.68982395270001
116	46.37481548768025
88	47.205617198335645
157	32.21848540625822
149	32.57914329016991
98	31.675430432759423
15	44.763590530469095
86	35.77897825991736
26	61.28183455036511
128	86.25921362948361
167	55.42698814801411
154	67.35948323254536
170	245.2009205523314
